1001694,1002017,1017861,1017911,1017966,1017991,1018015,1022890,1023098,1023160,1040014,1040073,1043894,
1044686,1046814,1047159,1048767,1052271,1057820,1061988,1062149,1062182,1062768,1062780,1063229,1064723,1064816,
1065207,1065496,1074564,1075366,1075875,1076239,1084540,1084544,1090883,1091385,1092002,1092073,1092173,1101792,
1118429,1118493,1118521,1118540,1118605,1118636,1123157,1123205,1123339,1123373,1123460,1123535,1139681,1139727,
1139734,1139771,1144080,1144246,1144269,1144479,1144615,1144657,1144711,1144732,1144817,1144855,1144869,1144892,
1146642,1147772,1148553,1149407,1152047,1155920,1157317,1157580,1157612,1157653,1157675,1157706,1205358,1205393,
1205415,1219344,1219391,1219420,1219440,1219464,1219483,1219504,1219521,1219533,1219564,1219586,1219717,1222379,
1222404,1222477,1222519,1222552,1222582,1230700,1231341,1231426,1231595,1231806,1232088,1232259,1232512,1232662,
1232833,1233091,1233279,1233796,1233893,1233966,1234032,1234099,1234476,1234657,1234690,1234714,1234788,1235216,
1235224,1235288,1235339,1235411,1235505,1235573,1235597,1235760,1235784,1235862,1236042,1236080,1236368,1236442,
1236656,1236952,1238042,1238381,1238467,1238502,1238527,1238625,1238659,1238733,1238995,1239099,1239139,1239159,
1239198,1239259,1240015,1240234,1240322,1240462,1240615,1240708,1241757,1241838,1241878,1242295,1242550,1242845,
1243024,1243186,1243265,1243398,1243523,1243654,1243928,1243956,1243990,1244103,1244134,1244141,1244181,1244212,
1244365,1244411,1244518,1244560,1244657,1244709,1244736,1244785,1244929,1245055,1245341,1245470,1250259,1250572,
1250794,1250956,1265811,1265876,1265888,1265901,1265913,1265955,1265992,1266008,1266021,1270752,1289130,1289286,
1297815,1298444,1300450,1300663,1317173,1317699,1317887,1318061,1318084,1318086,1318143,1318198,1318253,1318308,
1318367,1318430,1318454,1318494,1318537,1318597,1318645,1318682,1318739,1318937,1319014,1319060,1319295,1319345,
1319391,1319432,1319473,1319506,1319544,1320007,1320119,1321926,1321949,1321979,1322001,1322023,1322039,1322059,
1323916,1324034,1324328,1325177,1325229,1325274,1325304,1325321,1325387,1325457,1326886,1329024,1329376,1330368,
1330570,1330598,1330805,1331019,1331483,1331636,1331773,1332005,1332074,1332197,1332289,1332354,1332391,1332444,
1332491,1332526,1332539,1332598,1332636,1332687,1332731,1332747,1332783,1332822,1332825,1332859,1332897,1332936,
1332944,1332975,1333006,1333030,1333149,1333276,1335916,1336078,1336096,1336114,1336241,1337170,1337233,1337280,
1337412,1337517,1337609,1337690,1337915,1337957,1338121,1338189,1338238,1338286,1338318,1338360,1338390,1338422,
1338471,1338503,1338534,1338571,1339449,1339821,1341114,1343153,1343678,1343784,1343890,1343916,1344756,1344794,
1345235,1345710,1346504,1348478,1353792,1353844,1354143,1354711,1355052,1355120,1360276,1360349,1362687,1364022,
1364175,1366137,1366151,1366185,1366202,1366335,1366428,1367563,1367642,1368560,1368821,1370009,1371018,1371067,
1371379,1371505,1371608,1371689,1372086,1372598,1372723,1372898,1373000,1373102,1373168,1373311,1373390,1373426,
1373435,1373443,1373456,1373477,1373489,1373492,1373507,1373518,1373528,1373539,1373549,1374201,1374230,1374263,
1374578,1374698,1374757,1374770,1374818,1374895,1374924,1374937,1374962,1374977,1374990,1375593,1375712,1375713,
1375728,1375735,1375737,1375759,1375801,1375926,1375945,1375972,1376020,1376249,1377060,1377071,1377088,1377131,
1377186,1377218,1377679,1377798,1377831,1377877,1378491,1378594,1378662,1378691,1378852,1378962,1378995,1379014,
1379036,1379056,1379251,1379596,1379691,1379717,1379724,1379875,1379897,1379905,1379915,1379933,1379952,1379964,
1380128,1380297,1380375,1380463,1380549,1380605,1380616,1380684,1380748,1380778,1380977,1381059,1381147,1381245,
1381419,1381420,1381433,1381572,1381587,1381646,1381671,1381826,1381843,1381883,1381917,1381946,1381985,1382107,
1382108,1382175,1382199,1382216,1382217,1382228,1382238,1382255,1382276,1382286,1382309,1382330,1382370,1382407,
1382412,1382424,1382457,1382468,1382492,1382500,1382513,1382544,1382559,1382627,1382657,1382734,1382753,1382781,
1382790,1382860,1382887,1382907,1382918,1383003,1383036,1383069,1383113,1383115,1383148,1383181,1383220,1383263,
1383275,1383376,1383399,1383457,1383490,1383527,1383554,1383580,1383593,1383636,1383650,1383666,1383680,1383725,
1384088,1384126,1384234,1384343,1384445,1384496,1384607,1384615,1384697,1384718,1384854,1384876,1384949,1384956,
1384968,1385016,1385046,1385195,1385260,1385311,1385415,1385428,1385496,1385535,1385591,1385607,1385695,1385702,
1385727,1385744,1385758,1385775,1385796,1385896,1385914,1385928,1385965,1386027,1386070,1386110,1386133,1386136,
1386190,1386193,1386226,1386247,1386250,1386260,1386269,1386301,1386303,1386307,1386339,1386352,1386376,1386379,
1386384,1386395,1386422,1386434,1386446,1386501,1386504,1386528,1386579,1386612,1386633,1386690,1386729,1386828,
1386878,1386925,1386947,1386966,1386991,1387004,1387041,1387064,1387091,1387098,1387141,1387157,1387160,1387228,
1387232,1387233,1387242,1387258,1387280,1387322,1387331,1387349,1387416,1387424,1387490,1387560,1387582,1387585,
1387607,1387614,1387622,1387625,1387636,1387640,1387641,1387647,1387661,1387670,1387677,1387679,1387680,1387688,
1387690,1387703,1387709,1387739,1387808,1387812,1387841,1387850,1387863,1387889,1387926,1387932,1387935,1387976,
1388001,1388038,1388040,1388047,1388060,1388124,1388170,1388198,1388200,1388222,1388230,1388231,1388252,1388255,
1388278,1388311,1388363,1388386,1388393,1388406,1388408,1388438,1388507,1388514,1388567,1388589,1388635,1388680,
1388696,1388740,1388745,1388788,1388828,1388891,1388940,1388989,1389050,1389113,1389130,1389134,1389144,1389160,
1389173,1389189,1389194,1389206,1389212,1389217,1389252,1389254,1389271,1389321,1389322,1389328,1389338,1389339,
1389362,1389381,1389405,1389432,1389468,1389472,1389517,1389526,1389564,1389566,1389601,1389602,1389614,1389639,
1389643,1389651,1389667,1389682,1389703,1389732,1389743,1389759,1389774,1389830,1389891,1389902,1389909,1389953,
1389989,1389990,1390002,1390043,1390088,1390103,1390119,1390126,1390163,1390166,1390180,1390277,1390313,1390338,
1390385,1390401,1390448,1390486,1390554,1390641,1390647,1390666,1390681,1390702,1390713,1390750,1390761,1390815,
1390847,1390864,1390906,1390935,1390942,1390989,1391000,1391043,1391138,1391190,1391214,1391241,1391269,1391307,
1391330,1391427,1391433,1391501,1391505,1391529,1391532,1391592,1391610,1391617,1391641,1391645,1391650,1391702,
1391703,1391720,1391735,1391751,1391769,1391796,1391815,1391839,1391844,1391880,1391882,1391883,1391889,1391902,
1391909,1391923,1391945,1391952,1391953,1391990,1392004,1392041,1392043,1392053,1392067,1392073,1392084,1392111,
1392124,1392148,1392153,1392190,1392224,1392260,1392282,1392368,1392373,1392761,1392778,1392795,1392822,1392828,
1392861,1392868,1392901,1392909,1392926,1392966,1393001,1393027,1393079,1393109,1393218,1393264,1393313,1393417,
1393431,1393522,1394567,1394661,1394717,1394760,1396125,1396354,1396600,1398173,1401660,1401705,1401712,1401779,
1401826,1401876,1401909,1401996,1402115,1402311,1402417,1402919,1403142,1403254,1403311,1403449,1403546,1403698,
1403799,1403803,1403861,1403936,1409353,1409457,1409761,1413722,1419093,1430527,1432783,1433001,1434523,1435185,
1435953,1435997,1436076,1461318,1461734,1462108,1462157,1462225,1462246,1462409,1463669,1468361,1468423,1468531,
1476721,1476823,1476874,1476969,1477051,1477334,1477472,1477557,1477629,1477663,1477754,1477893,1477968,1494101,
1494236,1495322,1495820,1496742,1497866,1498111,1498534,1499953,1500650,1500729,1507708,1507786,1507812,1532753,
1532834,1532891,1535618,1535689,1535743,1536648,1536750,1536843,1537243,1537571,1537595,1537597,1537692,1537694,
1537803,1537967,1538156,1538231,1540062,1540429,1540473,1540544,1540783,1540932,1541732,1542257,1542333,1542553,
1542569,1542858,1543046,1543548,1543575,1545395,1545569,1545937,1546087,1546374,1546657,1546726,1546851,1546955,
1547018,1547193,1547290,1547327,1547489,1547495,1547567,1547619,1547677,1547697,1547711,1547906,1547927,1548039,
1548082,1548110,1548520,1548600,1548601,1548639,1548844,1548881,1548923,1549053,1549083,1549479,1549798,1549801,
1549944,1550014,1550107,1550172,1550206,1550282,1550300,1550373,1550392,1550444,1550473,1550490,1550658,1550688,
1550700,1550710,1550732,1551418,1551548,1551598,1551624,1551631,1552001,1552104,1552180,1552271,1552323,1552377,
1552393,1552425,1552440,1552446,1552481,1552515,1552685,1552770,1552801,1552810,1552820,1552821,1552870,1552897,
1552899,1552929,1553038,1553116,1553139,1553178,1553770,1554082,1554133,1554185,1554293,1554339,1554400,1554424,
1554445,1554483,1554544,1554550,1554568,1554581,1554594,1554634,1554655,1554668,1554683,1554710,1554720,1554787,
1554836,1555012,1555224,1555278,1555307,1555324,1555350,1555408,1555410,1555481,1556215,1556333,1556393,1556602,
1556738,1556901,1556955,1557021,1557065,1557105,1557170,1557185,1557190,1557243,1557282,1557327,1557435,1557499,
1558638,1558661,1558686,1560344,1560405,1560447,1562881,1562922,1562954,1585255,1586212,1586258,1587559,1619163,
1624164,1627554,1649829,1649928,1649965,1650020,1657850,1657879,1657890,1738970,1778539,1778567,1778604,1778698,
1778726,1778794,1778820,1778844,1778868,1778901,1778906,1798848,1798876,1800564,1800597,1800675,1800699,1800940,
1801033,1801055,1822734,1825687,1833723,1847246,1847342,1852690,1861471,1863949,1869280,1870775,1871492,1871811,
1877876,1877962,1878033,1880198,1896802,1896861,1896921,1899690,1899816,1899969,1900057,1900125,1909562,1913701,
1930763,1931507,1943651,1943685,1943778,1945520,1945793,1945827,1945858,1945999,1946075,1963592,1963704,1974633,
1975160,1976584,1976613,1977519,1977545,1978086,1978115,1980594,1980627,1980926,1981212,1982343,1984943,1985256,
1985679,1986192,1986209,1987280,1987301,1987324,1987678,1987881,1988091,1988247
